21.0
40.0
33.0
28.0
40.0
24.0
16.0
17.0
30.0
27.0
33.0
22.0
33.0
32.0
28.0
28.0
20.0
28.0
25.0
18.0
24.0
40.0
35.0
40.0
40.0
23.0
14.0
33.0
40.0
29.0
35.0
24.0
23.0
17.0
24.0
33.0
21.0
17.0
30.0
22.0
17.0
14.0
18.0
28.0
23.0
16.0
40.0
16.0
29.0
23.0
29.0
19.0
16.0
30.0
35.0
35.0
37.0
16.0
27.0
31.0
30.0
26.0
23.0
23.0
29.0
27.0
35.0
27.0
40.0
25.0
30.0
23.0
40.0
25.0
25.0
24.0
28.0
37.0
35.0
40.0
30.0
24.0
17.0
27.0
28.0
40.0
35.0
18.0
38.0
30.0
31.0
34.0
35.0
28.0
17.0
27.0
40.0
29.0
40.0
16.0
