25.0
26.0
29.0
32.0
35.0
35.0
33.0
34.0
40.0
40.0
29.0
38.0
38.0
40.0
40.0
40.0
40.0
40.0
33.0
34.0
35.0
40.0
40.0
40.0
32.0
24.0
38.0
25.0
30.0
26.0
26.0
28.0
28.0
32.0
30.0
35.0
28.0
31.0
31.0
32.0
34.0
34.0
32.0
32.0
36.0
29.0
23.0
25.0
35.0
35.0
33.0
33.0
40.0
40.0
40.0
40.0
40.0
40.0
40.0
40.0
35.0
26.0
25.0
31.0
40.0
30.0
40.0
40.0
25.0
28.0
26.0
26.0
26.0
32.0
28.0
29.0
31.0
31.0
27.0
35.0
33.0
31.0
25.0
29.0
29.0
29.0
26.0
26.0
27.0
29.0
27.0
33.0
35.0
27.0
29.0
29.0
35.0
35.0
30.0
31.0
